1403636580.838556 4.688319 -1.786938 0.783338 0.534108 -0.153029 -0.827383 -0.082152
1403636580.843555 4.688177 -1.786770 0.787350 0.534640 -0.152990 -0.826976 -0.082863
1403636580.848556 4.688028 -1.786598 0.791382 0.535178 -0.152945 -0.826562 -0.083605
1403636580.853555 4.687878 -1.786421 0.795429 0.535715 -0.152884 -0.826146 -0.084391
1403636580.858556 4.687727 -1.786240 0.799484 0.536244 -0.152821 -0.825731 -0.085213
1403636580.863555 4.687579 -1.786059 0.803540 0.536768 -0.152768 -0.825314 -0.086049
1403636580.868556 4.687435 -1.785881 0.807594 0.537289 -0.152725 -0.824896 -0.086890
1403636580.873555 4.687295 -1.785709 0.811642 0.537804 -0.152680 -0.824481 -0.087725
1403636580.878556 4.687158 -1.785544 0.815682 0.538317 -0.152627 -0.824067 -0.088553
1403636580.883555 4.687025 -1.785390 0.819712 0.538828 -0.152566 -0.823657 -0.089371
1403636580.888556 4.686893 -1.785247 0.823734 0.539337 -0.152496 -0.823250 -0.090170
1403636580.893555 4.686763 -1.785116 0.827749 0.539846 -0.152427 -0.822845 -0.090943
1403636580.898555 4.686631 -1.785000 0.831759 0.540360 -0.152367 -0.822438 -0.091677
1403636580.903555 4.686495 -1.784898 0.835765 0.540883 -0.152312 -0.822028 -0.092362
1403636580.908556 4.686355 -1.784810 0.839771 0.541412 -0.152266 -0.821619 -0.092986
1403636580.913555 4.686208 -1.784735 0.843777 0.541956 -0.152228 -0.821204 -0.093543
1403636580.918555 4.686055 -1.784671 0.847783 0.542516 -0.152194 -0.820784 -0.094039
1403636580.923556 4.685896 -1.784616 0.851787 0.543088 -0.152157 -0.820361 -0.094491
1403636580.928555 4.685735 -1.784569 0.855787 0.543677 -0.152105 -0.819932 -0.094913
1403636580.933556 4.685573 -1.784531 0.859778 0.544275 -0.152041 -0.819501 -0.095315
1403636580.938555 4.685412 -1.784501 0.863755 0.544867 -0.151968 -0.819076 -0.095706
1403636580.943556 4.685256 -1.784477 0.867713 0.545458 -0.151878 -0.818655 -0.096084
1403636580.948555 4.685107 -1.784460 0.871652 0.546050 -0.151766 -0.818238 -0.096455
1403636580.953555 4.684966 -1.784448 0.875572 0.546629 -0.151625 -0.817834 -0.096825
1403636580.958555 4.684834 -1.784438 0.879471 0.547190 -0.151458 -0.817446 -0.097201
1403636580.963556 4.684712 -1.784429 0.883348 0.547733 -0.151265 -0.817072 -0.097593
1403636580.968555 4.684597 -1.784418 0.887202 0.548263 -0.151059 -0.816707 -0.097991
1403636580.973556 4.684487 -1.784407 0.891033 0.548796 -0.150852 -0.816342 -0.098367
1403636580.978555 4.684381 -1.784396 0.894840 0.549339 -0.150658 -0.815973 -0.098696
1403636580.983556 4.684278 -1.784389 0.898620 0.549890 -0.150482 -0.815602 -0.098966
1403636580.988555 4.684175 -1.784389 0.902373 0.550455 -0.150307 -0.815228 -0.099180
1403636580.993556 4.684071 -1.784396 0.906096 0.551031 -0.150133 -0.814850 -0.099350
1403636580.998555 4.683965 -1.784412 0.909790 0.551607 -0.149970 -0.814476 -0.099470
1403636581.003556 4.683859 -1.784436 0.913456 0.552176 -0.149831 -0.814108 -0.099537
1403636581.008555 4.683753 -1.784466 0.917092 0.552739 -0.149731 -0.813742 -0.099555
1403636581.013556 4.683646 -1.784502 0.920697 0.553298 -0.149681 -0.813376 -0.099524
1403636581.018555 4.683538 -1.784541 0.924275 0.553858 -0.149685 -0.813003 -0.099450
1403636581.023556 4.683429 -1.784582 0.927831 0.554435 -0.149725 -0.812615 -0.099351
1403636581.028556 4.683320 -1.784624 0.931368 0.555032 -0.149770 -0.812212 -0.099247
1403636581.033556 4.683212 -1.784666 0.934889 0.555635 -0.149790 -0.811806 -0.099162
1403636581.038555 4.683109 -1.784704 0.938395 0.556238 -0.149766 -0.811404 -0.099111
1403636581.043555 4.683012 -1.784735 0.941884 0.556830 -0.149687 -0.811014 -0.099109
1403636581.048556 4.682922 -1.784757 0.945354 0.557393 -0.149563 -0.810644 -0.099152
1403636581.053555 4.682843 -1.784769 0.948805 0.557929 -0.149423 -0.810293 -0.099225
1403636581.058556 4.682772 -1.784769 0.952237 0.558449 -0.149276 -0.809950 -0.099325
1403636581.063555 4.682709 -1.784758 0.955649 0.558956 -0.149126 -0.809612 -0.099450
1403636581.068556 4.682653 -1.784740 0.959040 0.559453 -0.148970 -0.809280 -0.099592
1403636581.073555 4.682600 -1.784715 0.962410 0.559958 -0.148809 -0.808942 -0.099742
1403636581.078556 4.682550 -1.784685 0.965757 0.560474 -0.148665 -0.808592 -0.099900
1403636581.083556 4.682501 -1.784651 0.969077 0.560989 -0.148562 -0.808237 -0.100047
1403636581.088556 4.681865 -1.784123 0.972464 0.561497 -0.148517 -0.807856 -0.100164
1403636581.093555 4.681779 -1.784057 0.975728 0.562019 -0.148562 -0.807476 -0.100238
1403636581.098556 4.681690 -1.783991 0.978961 0.562553 -0.148696 -0.807075 -0.100272
1403636581.103555 4.681598 -1.783925 0.982164 0.563113 -0.148903 -0.806645 -0.100283
1403636581.108556 4.681503 -1.783859 0.985340 0.563705 -0.149170 -0.806183 -0.100278
1403636581.113555 4.681407 -1.783794 0.988490 0.564328 -0.149483 -0.805690 -0.100275
1403636581.118556 4.681310 -1.783729 0.991611 0.564973 -0.149810 -0.805178 -0.100271
1403636581.123555 4.681215 -1.783666 0.994702 0.565630 -0.150136 -0.804659 -0.100255
1403636581.128556 4.681125 -1.783604 0.997763 0.566296 -0.150447 -0.804135 -0.100233
1403636581.133555 4.681043 -1.783544 1.000796 0.566964 -0.150733 -0.803615 -0.100204
1403636581.138556 4.680973 -1.783483 1.003802 0.567634 -0.150985 -0.803099 -0.100172
1403636581.143555 4.680916 -1.783421 1.006781 0.568303 -0.151190 -0.802591 -0.100146
1403636581.148556 4.680875 -1.783355 1.009733 0.568963 -0.151336 -0.802097 -0.100137
1403636581.153555 4.680848 -1.783284 1.012659 0.569617 -0.151419 -0.801616 -0.100146
1403636581.158556 4.680836 -1.783207 1.015555 0.570258 -0.151443 -0.801154 -0.100169
1403636581.163555 4.680835 -1.783124 1.018420 0.570891 -0.151428 -0.800702 -0.100201
1403636581.168555 4.680846 -1.783034 1.021253 0.571525 -0.151399 -0.800251 -0.100237
1403636581.173556 4.680868 -1.782939 1.024051 0.572164 -0.151375 -0.799794 -0.100280
1403636581.178555 4.680901 -1.782839 1.026814 0.572808 -0.151365 -0.799328 -0.100331
1403636581.183556 4.680686 -1.782507 1.029575 0.573457 -0.151376 -0.798846 -0.100392
1403636581.188555 4.680707 -1.782378 1.032268 0.574112 -0.151422 -0.798358 -0.100459
1403636581.193556 4.680734 -1.782250 1.034921 0.574767 -0.151518 -0.797860 -0.100531
1403636581.198555 4.680764 -1.782124 1.037535 0.575420 -0.151674 -0.797351 -0.100595
1403636581.203556 4.680795 -1.782003 1.040111 0.576086 -0.151882 -0.796825 -0.100650
1403636581.208555 4.680827 -1.781887 1.042653 0.576773 -0.152130 -0.796276 -0.100689
1403636581.213556 4.680859 -1.781779 1.045163 0.577486 -0.152410 -0.795704 -0.100706
1403636581.218555 4.680894 -1.781678 1.047643 0.578238 -0.152704 -0.795102 -0.100702
1403636581.223556 4.680933 -1.781585 1.050093 0.579021 -0.152985 -0.794481 -0.100682
1403636581.228555 4.680982 -1.781496 1.052511 0.579807 -0.153233 -0.793863 -0.100662
1403636581.233556 4.681042 -1.781412 1.054894 0.580579 -0.153443 -0.793261 -0.100644
1403636581.238555 4.681037 -1.781250 1.057242 0.581324 -0.153611 -0.792679 -0.100625
1403636581.243556 4.681111 -1.781159 1.059546 0.582042 -0.153728 -0.792132 -0.100608
1403636581.248555 4.681201 -1.781074 1.061809 0.582736 -0.153785 -0.791613 -0.100594
1403636581.253556 4.681305 -1.780995 1.064031 0.583419 -0.153772 -0.791115 -0.100582
1403636581.258555 4.681424 -1.780921 1.066213 0.584095 -0.153689 -0.790632 -0.100582
1403636581.263556 4.681557 -1.780853 1.068350 0.584769 -0.153550 -0.790160 -0.100596
1403636581.268555 4.681703 -1.780789 1.070436 0.585439 -0.153366 -0.789696 -0.100628
1403636581.273556 4.681864 -1.780728 1.072467 0.586092 -0.153154 -0.789245 -0.100685
1403636581.278555 4.682038 -1.780671 1.074435 0.586716 -0.152929 -0.788814 -0.100773
1403636581.283556 4.682175 -1.780559 1.076336 0.587316 -0.152703 -0.788391 -0.100902
1403636581.288555 4.682364 -1.780499 1.078169 0.587898 -0.152498 -0.787976 -0.101062
1403636581.293555 4.682563 -1.780445 1.079930 0.588472 -0.152327 -0.787558 -0.101243
1403636581.298556 4.682772 -1.780401 1.081614 0.589045 -0.152188 -0.787133 -0.101429
1403636581.303555 4.682984 -1.780368 1.083218 0.589606 -0.152082 -0.786710 -0.101612
1403636581.308556 4.683198 -1.780348 1.084744 0.590160 -0.152009 -0.786287 -0.101781
1403636581.313555 4.683411 -1.780343 1.086189 0.590707 -0.151962 -0.785867 -0.101922
1403636581.318556 4.683623 -1.780350 1.087556 0.591244 -0.151940 -0.785453 -0.102034
1403636581.323555 4.683832 -1.780368 1.088842 0.591765 -0.151939 -0.785050 -0.102124
1403636581.328556 4.684040 -1.780390 1.090049 0.592254 -0.151948 -0.784670 -0.102198
1403636581.333555 4.684202 -1.780350 1.091162 0.592715 -0.151957 -0.784308 -0.102274
1403636581.338556 4.684400 -1.780362 1.092203 0.593141 -0.151962 -0.783972 -0.102363
1403636581.343555 4.684597 -1.780372 1.093160 0.593533 -0.151954 -0.783664 -0.102465
1403636581.348556 4.684796 -1.780381 1.094034 0.593892 -0.151928 -0.783382 -0.102587
1403636581.353555 4.684997 -1.780386 1.094820 0.594214 -0.151877 -0.783128 -0.102736
1403636581.358556 4.685203 -1.780385 1.095518 0.594494 -0.151807 -0.782905 -0.102924
1403636581.363555 4.685415 -1.780374 1.096125 0.594724 -0.151730 -0.782714 -0.103158
1403636581.368556 4.685633 -1.780354 1.096640 0.594906 -0.151649 -0.782554 -0.103438
1403636581.373555 4.685857 -1.780325 1.097063 0.595046 -0.151567 -0.782422 -0.103756
1403636581.378556 4.686087 -1.780290 1.097395 0.595150 -0.151473 -0.782314 -0.104106
1403636581.383555 4.686321 -1.780252 1.097637 0.595221 -0.151364 -0.782232 -0.104477
1403636581.388556 4.686513 -1.780137 1.097762 0.595268 -0.151253 -0.782167 -0.104852
1403636581.393555 4.686749 -1.780085 1.097819 0.595288 -0.151157 -0.782121 -0.105217
1403636581.398555 4.686991 -1.780033 1.097785 0.595284 -0.151076 -0.782092 -0.105571
1403636581.403555 4.687236 -1.779983 1.097659 0.595257 -0.151007 -0.782081 -0.105909
1403636581.408556 4.687484 -1.779937 1.097440 0.595196 -0.150952 -0.782095 -0.106219
1403636581.413555 4.687732 -1.779895 1.097128 0.595106 -0.150905 -0.782135 -0.106498
1403636581.418555 4.687977 -1.779857 1.096723 0.594986 -0.150856 -0.782202 -0.106748
1403636581.423556 4.688217 -1.779823 1.096227 0.594833 -0.150800 -0.782299 -0.106970
1403636581.428555 4.688450 -1.779792 1.095640 0.594656 -0.150730 -0.782419 -0.107170
1403636581.433556 4.688676 -1.779762 1.094963 0.594465 -0.150635 -0.782557 -0.107362
1403636581.438555 4.688896 -1.779731 1.094196 0.594253 -0.150505 -0.782715 -0.107564
1403636581.443556 4.689110 -1.779700 1.093341 0.594009 -0.150351 -0.782899 -0.107791
1403636581.448555 4.689322 -1.779667 1.092395 0.593737 -0.150182 -0.783103 -0.108036
1403636581.453555 4.689532 -1.779635 1.091360 0.593440 -0.150000 -0.783329 -0.108291
1403636581.458555 4.689745 -1.779602 1.090236 0.593106 -0.149811 -0.783580 -0.108559
1403636581.463556 4.689962 -1.779569 1.089025 0.592740 -0.149625 -0.783855 -0.108835
1403636581.468555 4.690187 -1.779537 1.087729 0.592347 -0.149448 -0.784147 -0.109117
1403636581.473556 4.690419 -1.779508 1.086353 0.591933 -0.149276 -0.784453 -0.109400
1403636581.478555 4.690656 -1.779483 1.084898 0.591505 -0.149113 -0.784769 -0.109672
1403636581.483556 4.690898 -1.779463 1.083367 0.591062 -0.148967 -0.785095 -0.109926
1403636581.488555 4.691141 -1.779449 1.081764 0.590601 -0.148844 -0.785434 -0.110148
1403636581.493556 4.691383 -1.779440 1.080089 0.590123 -0.148750 -0.785788 -0.110323
1403636581.498555 4.691620 -1.779434 1.078345 0.589638 -0.148689 -0.786145 -0.110451
1403636581.503556 4.691850 -1.779427 1.076532 0.589147 -0.148677 -0.786504 -0.110535
1403636581.508555 4.692069 -1.779417 1.074651 0.588648 -0.148714 -0.786865 -0.110576
1403636581.513556 4.692274 -1.779401 1.072702 0.588149 -0.148792 -0.787221 -0.110592
1403636581.518555 4.692463 -1.779379 1.070684 0.587651 -0.148906 -0.787572 -0.110590
1403636581.523556 4.692634 -1.779354 1.068597 0.587155 -0.149044 -0.787919 -0.110571
1403636581.528556 4.692785 -1.779328 1.066442 0.586668 -0.149195 -0.788259 -0.110529
1403636581.533556 4.692920 -1.779306 1.064217 0.586195 -0.149360 -0.788591 -0.110454
1403636581.538555 4.693041 -1.779291 1.061923 0.585730 -0.149543 -0.788916 -0.110346
1403636581.543555 4.693154 -1.779283 1.059560 0.585268 -0.149762 -0.789238 -0.110206
1403636581.548556 4.693261 -1.779286 1.057129 0.584792 -0.150013 -0.789566 -0.110042
1403636581.553555 4.693365 -1.779298 1.054636 0.584294 -0.150278 -0.789909 -0.109864
1403636581.558556 4.693471 -1.779317 1.052089 0.583783 -0.150546 -0.790261 -0.109685
1403636581.563555 4.693578 -1.779340 1.049495 0.583266 -0.150805 -0.790619 -0.109505
1403636581.568556 4.693690 -1.779362 1.046861 0.582740 -0.151053 -0.790986 -0.109315
1403636581.573555 4.693805 -1.779378 1.044194 0.582209 -0.151288 -0.791360 -0.109115
1403636581.578556 4.693922 -1.779387 1.041499 0.581684 -0.151505 -0.791733 -0.108909
1403636581.583556 4.694037 -1.779391 1.038780 0.581173 -0.151689 -0.792103 -0.108689
1403636581.588556 4.694150 -1.779393 1.036038 0.580679 -0.151823 -0.792474 -0.108441
1403636581.593555 4.694259 -1.779395 1.033270 0.580200 -0.151899 -0.792846 -0.108176
1403636581.598556 4.694364 -1.779397 1.030472 0.579735 -0.151923 -0.793219 -0.107909
1403636581.603555 4.694466 -1.779401 1.027641 0.579279 -0.151914 -0.793591 -0.107640
1403636581.608556 4.694564 -1.779405 1.024772 0.578826 -0.151888 -0.793963 -0.107364
1403636581.613555 4.694659 -1.779414 1.021864 0.578389 -0.151865 -0.794326 -0.107068
1403636581.618556 4.694752 -1.779429 1.018915 0.577973 -0.151874 -0.794672 -0.106740
1403636581.623555 4.694842 -1.779450 1.015926 0.577585 -0.151922 -0.794992 -0.106389
1403636581.628556 4.694933 -1.779476 1.012900 0.577225 -0.152014 -0.795284 -0.106034
1403636581.633555 4.695027 -1.779502 1.009840 0.576886 -0.152168 -0.795546 -0.105692
1403636581.638556 4.695128 -1.779522 1.006751 0.576559 -0.152388 -0.795783 -0.105375
1403636581.643555 4.695237 -1.779532 1.003635 0.576227 -0.152671 -0.796007 -0.105091
1403636581.648556 4.695355 -1.779528 1.000499 0.575877 -0.152997 -0.796229 -0.104852
1403636581.653555 4.695478 -1.779510 0.997351 0.575508 -0.153327 -0.796457 -0.104669
1403636581.658556 4.695604 -1.779479 0.994197 0.575135 -0.153620 -0.796686 -0.104551
1403636581.663555 4.695730 -1.779438 0.991046 0.574771 -0.153847 -0.796912 -0.104490
1403636581.668555 4.695854 -1.779387 0.987898 0.574421 -0.153988 -0.797140 -0.104467
1403636581.673556 4.695978 -1.779326 0.984755 0.574094 -0.154033 -0.797366 -0.104479
1403636581.678555 4.696104 -1.779256 0.981613 0.573778 -0.153985 -0.797596 -0.104530
1403636581.683556 4.696232 -1.779180 0.978468 0.573463 -0.153852 -0.797837 -0.104616
1403636581.688555 4.696363 -1.779103 0.975315 0.573154 -0.153646 -0.798086 -0.104713
1403636581.693556 4.696497 -1.779030 0.972149 0.572852 -0.153387 -0.798342 -0.104795
1403636581.698555 4.696634 -1.778969 0.968966 0.572556 -0.153101 -0.798605 -0.104831
1403636581.703556 4.696775 -1.778919 0.965762 0.572283 -0.152824 -0.798858 -0.104797
1403636581.708555 4.696919 -1.778880 0.962535 0.572047 -0.152603 -0.799086 -0.104672
1403636581.713556 4.697067 -1.778847 0.959285 0.571850 -0.152473 -0.799280 -0.104454
1403636581.718555 4.697220 -1.778819 0.956015 0.571692 -0.152450 -0.799435 -0.104165
1403636581.723556 4.697376 -1.778794 0.952728 0.571570 -0.152532 -0.799552 -0.103822
1403636581.728555 4.697535 -1.778771 0.949426 0.571485 -0.152684 -0.799632 -0.103452
1403636581.733556 4.697695 -1.778752 0.946112 0.571422 -0.152873 -0.799689 -0.103077
1403636581.738555 4.697855 -1.778739 0.942790 0.571363 -0.153063 -0.799739 -0.102738
1403636581.743556 4.698017 -1.778730 0.939465 0.571293 -0.153227 -0.799793 -0.102459
1403636581.748555 4.698182 -1.778725 0.936142 0.571208 -0.153349 -0.799857 -0.102254
1403636581.753556 4.698352 -1.778722 0.932825 0.571113 -0.153408 -0.799929 -0.102131
1403636581.758555 4.698527 -1.778726 0.929515 0.571008 -0.153392 -0.800014 -0.102073
1403636581.763556 4.698707 -1.778741 0.926211 0.570896 -0.153313 -0.800113 -0.102045
1403636581.768555 4.698894 -1.778771 0.922914 0.570799 -0.153182 -0.800213 -0.102002
1403636581.773556 4.699088 -1.778820 0.919620 0.570725 -0.153001 -0.800310 -0.101924
1403636581.778555 4.699293 -1.778889 0.916326 0.570665 -0.152781 -0.800410 -0.101804
1403636581.783556 4.699511 -1.778979 0.913028 0.570609 -0.152543 -0.800518 -0.101629
1403636581.788555 4.699744 -1.779088 0.909722 0.570551 -0.152308 -0.800634 -0.101395
1403636581.793555 4.699991 -1.779214 0.906405 0.570483 -0.152097 -0.800760 -0.101099
1403636581.798556 4.700251 -1.779353 0.903076 0.570398 -0.151936 -0.800897 -0.100734
1403636581.803555 4.700520 -1.779502 0.899737 0.570303 -0.151832 -0.801037 -0.100311
1403636581.808556 4.700793 -1.779657 0.896391 0.570206 -0.151776 -0.801175 -0.099848
1403636581.813555 4.701065 -1.779814 0.893043 0.570114 -0.151750 -0.801305 -0.099369
1403636581.818556 4.701334 -1.779969 0.889697 0.570035 -0.151731 -0.801421 -0.098916
1403636581.823555 4.701598 -1.780117 0.886354 0.569957 -0.151709 -0.801528 -0.098531
1403636581.828556 4.701854 -1.780258 0.883012 0.569859 -0.151686 -0.801640 -0.098227
1403636581.833555 4.702104 -1.780389 0.879671 0.569734 -0.151660 -0.801761 -0.098004
1403636581.838556 4.702350 -1.780513 0.876329 0.569592 -0.151640 -0.801883 -0.097859
1403636581.843555 4.702594 -1.780632 0.872986 0.569430 -0.151644 -0.802007 -0.097784
1403636581.848556 4.702842 -1.780749 0.869643 0.569243 -0.151676 -0.802137 -0.097761
1403636581.853555 4.703093 -1.780870 0.866300 0.569034 -0.151734 -0.802274 -0.097763
1403636581.858556 4.703346 -1.781002 0.862957 0.568795 -0.151802 -0.802431 -0.097759
1403636581.863555 4.703599 -1.781153 0.859616 0.568527 -0.151869 -0.802613 -0.097713
1403636581.868556 4.703852 -1.781328 0.856279 0.568248 -0.151944 -0.802812 -0.097589
1403636581.873555 4.704105 -1.781527 0.852948 0.567958 -0.152034 -0.803026 -0.097378
1403636581.878556 4.704358 -1.781748 0.849628 0.567661 -0.152138 -0.803252 -0.097082
1403636581.883555 4.702328 -1.776740 0.842506 0.567380 -0.152242 -0.803458 -0.096731
1403636581.888556 4.702547 -1.776897 0.839123 0.567071 -0.152376 -0.803701 -0.096318
1403636581.893555 4.702762 -1.777063 0.835754 0.566736 -0.152512 -0.803964 -0.095884
1403636581.898555 4.702975 -1.777234 0.832399 0.566381 -0.152650 -0.804239 -0.095449
1403636581.903555 4.703184 -1.777406 0.829058 0.566012 -0.152798 -0.804521 -0.095031
1403636581.908556 4.703393 -1.777575 0.825731 0.565618 -0.152967 -0.804811 -0.094652
1403636581.913555 4.703603 -1.777738 0.822418 0.565194 -0.153161 -0.805110 -0.094331
1403636581.918555 4.703816 -1.777890 0.819118 0.564744 -0.153383 -0.805412 -0.094086
1403636581.923556 4.704034 -1.778033 0.815833 0.564273 -0.153626 -0.805713 -0.093943
1403636581.928555 4.704260 -1.778167 0.812564 0.563774 -0.153881 -0.806019 -0.093899
1403636581.933556 4.704491 -1.778297 0.809311 0.563243 -0.154154 -0.806332 -0.093947
1403636581.938555 4.704726 -1.778426 0.806073 0.562682 -0.154439 -0.806657 -0.094053
1403636581.943556 4.704960 -1.778556 0.802850 0.562093 -0.154727 -0.806999 -0.094176
1403636581.948555 4.705189 -1.778689 0.799643 0.561477 -0.155024 -0.807358 -0.094289
1403636581.953555 4.705408 -1.778828 0.796453 0.560844 -0.155338 -0.807729 -0.094367
1403636581.958555 4.705614 -1.778973 0.793285 0.560210 -0.155668 -0.808104 -0.094382
1403636581.963556 4.705803 -1.779125 0.790138 0.559586 -0.156011 -0.808477 -0.094323
1403636581.968555 4.705974 -1.779281 0.787016 0.558976 -0.156363 -0.808846 -0.094195
1403636581.973556 4.706131 -1.779439 0.783918 0.558375 -0.156719 -0.809213 -0.094018
1403636581.978555 4.706275 -1.779594 0.780846 0.557778 -0.157080 -0.809578 -0.093818
1403636581.983556 4.706412 -1.779742 0.777796 0.557170 -0.157436 -0.809951 -0.093628
1403636581.988555 4.706604 -1.779780 0.774537 0.556533 -0.157775 -0.810333 -0.093487
1403636581.993556 4.706745 -1.779906 0.771511 0.555858 -0.158096 -0.810743 -0.093405
1403636581.998555 4.706889 -1.780028 0.768509 0.555159 -0.158393 -0.811166 -0.093393
1403636582.003556 4.707038 -1.780147 0.765532 0.554436 -0.158659 -0.811602 -0.093453
1403636582.008555 4.707193 -1.780266 0.762582 0.553691 -0.158889 -0.812051 -0.093578
1403636582.013556 4.707354 -1.780389 0.759661 0.552938 -0.159083 -0.812506 -0.093752
1403636582.018555 4.707521 -1.780518 0.756769 0.552178 -0.159244 -0.812969 -0.093955
1403636582.023556 4.707693 -1.780658 0.753909 0.551415 -0.159380 -0.813437 -0.094159
1403636582.028556 4.707869 -1.780809 0.751083 0.550657 -0.159500 -0.813906 -0.094337
1403636582.033556 4.708044 -1.780968 0.748291 0.549903 -0.159628 -0.814376 -0.094467
1403636582.038555 4.708217 -1.781136 0.745536 0.549149 -0.159780 -0.814848 -0.094534
1403636582.043555 4.708385 -1.781309 0.742821 0.548402 -0.159946 -0.815318 -0.094537
1403636582.048556 4.708544 -1.781487 0.740150 0.547670 -0.160118 -0.815784 -0.094475
1403636582.053555 4.708694 -1.781670 0.737528 0.546958 -0.160284 -0.816244 -0.094355
1403636582.058556 4.708832 -1.781854 0.734958 0.546263 -0.160436 -0.816697 -0.094200
1403636582.063555 4.708961 -1.782037 0.732441 0.545583 -0.160567 -0.817148 -0.094021
1403636582.068556 4.709081 -1.782218 0.729976 0.544901 -0.160668 -0.817603 -0.093841
1403636582.073555 4.709195 -1.782395 0.727564 0.544210 -0.160738 -0.818069 -0.093672
1403636582.078556 4.709308 -1.782568 0.725203 0.543515 -0.160785 -0.818540 -0.093522
1403636582.083556 4.709562 -1.782706 0.722749 0.542810 -0.160812 -0.819007 -0.093403
1403636582.088556 4.709692 -1.782877 0.720477 0.542091 -0.160819 -0.819494 -0.093299
1403636582.093555 4.709825 -1.783051 0.718257 0.541366 -0.160800 -0.819987 -0.093211
1403636582.098556 4.709960 -1.783231 0.716090 0.540642 -0.160756 -0.820483 -0.093130
1403636582.103555 4.710096 -1.783419 0.713977 0.539925 -0.160686 -0.820979 -0.093051
1403636582.108556 4.710234 -1.783615 0.711923 0.539222 -0.160595 -0.821468 -0.092964
1403636582.113555 4.710371 -1.783823 0.709931 0.538541 -0.160497 -0.821946 -0.092861
1403636582.118556 4.710506 -1.784041 0.708002 0.537878 -0.160405 -0.822413 -0.092732
1403636582.123555 4.710638 -1.784270 0.706140 0.537227 -0.160333 -0.822872 -0.092565
1403636582.128556 4.710764 -1.784508 0.704347 0.536603 -0.160291 -0.823312 -0.092347
1403636582.133555 4.710884 -1.784753 0.702623 0.536007 -0.160291 -0.823731 -0.092070
1403636582.138556 4.711067 -1.785007 0.700949 0.535431 -0.160340 -0.824128 -0.091747
1403636582.143555 4.711183 -1.785259 0.699368 0.534884 -0.160418 -0.824509 -0.091388
1403636582.148556 4.711289 -1.785510 0.697863 0.534372 -0.160496 -0.824867 -0.091011
1403636582.153555 4.711387 -1.785759 0.696432 0.533886 -0.160569 -0.825209 -0.090634
1403636582.158556 4.711480 -1.786003 0.695077 0.533413 -0.160620 -0.825544 -0.090279
1403636582.163555 4.711568 -1.786239 0.693794 0.532940 -0.160635 -0.825882 -0.089961
1403636582.168555 4.711650 -1.786469 0.692584 0.532452 -0.160617 -0.826231 -0.089683
1403636582.173556 4.711728 -1.786691 0.691446 0.531952 -0.160566 -0.826589 -0.089440
1403636582.178555 4.711800 -1.786906 0.690382 0.531440 -0.160481 -0.826957 -0.089233
1403636582.183556 4.711864 -1.787115 0.689397 0.530931 -0.160372 -0.827326 -0.089044
1403636582.188555 4.711993 -1.787327 0.688489 0.530439 -0.160247 -0.827682 -0.088872
1403636582.193556 4.712053 -1.787526 0.687669 0.529971 -0.160122 -0.828024 -0.088700
1403636582.198555 4.712101 -1.787721 0.686933 0.529535 -0.160003 -0.828347 -0.088514
1403636582.203556 4.712136 -1.787908 0.686283 0.529122 -0.159900 -0.828651 -0.088318
1403636582.208555 4.712160 -1.788088 0.685716 0.528731 -0.159817 -0.828939 -0.088119
1403636582.213556 4.712171 -1.788258 0.685233 0.528358 -0.159749 -0.829209 -0.087929
1403636582.218555 4.712171 -1.788419 0.684835 0.527996 -0.159698 -0.829469 -0.087751
1403636582.223556 4.712157 -1.788571 0.684521 0.527652 -0.159662 -0.829713 -0.087578
1403636582.228555 4.712130 -1.788714 0.684293 0.527329 -0.159635 -0.829941 -0.087414
1403636582.233556 4.712089 -1.788848 0.684152 0.527021 -0.159607 -0.830158 -0.087267
1403636582.238555 4.712110 -1.788980 0.684109 0.526729 -0.159571 -0.830361 -0.087143
1403636582.243556 4.712054 -1.789094 0.684148 0.526451 -0.159531 -0.830557 -0.087035
1403636582.248555 4.711985 -1.789199 0.684278 0.526186 -0.159486 -0.830742 -0.086951
1403636582.253556 4.711902 -1.789297 0.684500 0.525938 -0.159440 -0.830916 -0.086874
1403636582.258555 4.711804 -1.789388 0.684816 0.525716 -0.159393 -0.831074 -0.086790
1403636582.263556 4.711693 -1.789475 0.685225 0.525516 -0.159337 -0.831222 -0.086694
1403636582.268555 4.711567 -1.789559 0.685731 0.525336 -0.159274 -0.831360 -0.086575
1403636582.273556 4.711430 -1.789642 0.686335 0.525190 -0.159203 -0.831480 -0.086432
1403636582.278555 4.711281 -1.789726 0.687036 0.525076 -0.159124 -0.831584 -0.086278
1403636582.283556 4.711124 -1.789811 0.687834 0.524978 -0.159039 -0.831677 -0.086127
1403636582.288555 4.710958 -1.789896 0.688726 0.524896 -0.158946 -0.831762 -0.085984
1403636582.293555 4.710786 -1.789981 0.689712 0.524835 -0.158856 -0.831832 -0.085844
1403636582.298556 4.710609 -1.790066 0.690790 0.524791 -0.158779 -0.831888 -0.085708
1403636582.303555 4.710427 -1.790152 0.691960 0.524768 -0.158719 -0.831928 -0.085575
1403636582.308556 4.710241 -1.790237 0.693220 0.524784 -0.158674 -0.831941 -0.085438
1403636582.313555 4.710050 -1.790324 0.694569 0.524844 -0.158653 -0.831921 -0.085301
1403636582.318556 4.709855 -1.790409 0.696004 0.524943 -0.158655 -0.831872 -0.085163
1403636582.323555 4.709655 -1.790495 0.697521 0.525078 -0.158668 -0.831798 -0.085030
1403636582.328556 4.709451 -1.790580 0.699121 0.525241 -0.158686 -0.831704 -0.084912
1403636582.333555 4.709242 -1.790665 0.700800 0.525424 -0.158695 -0.831597 -0.084805
1403636582.338556 4.709029 -1.790752 0.702557 0.525640 -0.158684 -0.831473 -0.084713
1403636582.343555 4.708813 -1.790841 0.704391 0.525886 -0.158660 -0.831329 -0.084638
1403636582.348556 4.708593 -1.790933 0.706301 0.526161 -0.158626 -0.831169 -0.084569
1403636582.353555 4.708371 -1.791028 0.708282 0.526477 -0.158586 -0.830983 -0.084508
1403636582.358556 4.708147 -1.791124 0.710332 0.526825 -0.158543 -0.830776 -0.084453
1403636582.363555 4.707920 -1.791222 0.712448 0.527209 -0.158492 -0.830547 -0.084401
1403636582.368556 4.707690 -1.791321 0.714626 0.527637 -0.158429 -0.830292 -0.084361
