1403636579.763556
1403636579.813555
1403636579.863556
1403636579.913555
1403636579.963556
1403636580.013556
1403636580.063555
1403636580.113555
1403636580.163556
1403636580.213556
1403636580.263556
1403636580.313555
1403636580.363556
1403636580.413555
1403636580.463556
1403636580.513556
1403636580.563555
1403636580.613555
1403636580.663556
1403636580.713556
1403636580.763556
1403636580.813555
1403636580.863556
1403636580.913555
1403636580.963556
1403636581.013556
1403636581.063555
1403636581.113555
1403636581.163556
1403636581.213556
1403636581.263556
1403636581.313555
1403636581.363556
1403636581.413555
1403636581.463556
1403636581.513556
1403636581.563555
1403636581.613555
1403636581.663556
1403636581.713556
1403636581.763556
1403636581.813555
1403636581.863556
1403636581.913555
1403636581.963556
1403636582.013556
1403636582.063555
1403636582.113555
1403636582.163556
1403636582.213556
1403636582.263556
