1403636579.758555 8.147692 -0.375922 -2.402629 -0.099135 0.147306 0.027227
1403636579.763556 8.033280 -0.408610 -2.402629 -0.099135 0.140324 0.029322
1403636579.768555 7.886181 -0.424955 -2.435318 -0.098437 0.127758 0.037699
1403636579.773556 7.828976 -0.375922 -2.468007 -0.102625 0.115890 0.045379
1403636579.778555 7.714565 -0.408610 -2.557901 -0.105418 0.108210 0.051662
1403636579.783556 7.657359 -0.433127 -2.639623 -0.108909 0.097738 0.056549
1403636579.788556 7.591981 -0.465816 -2.705001 -0.110305 0.085870 0.061436
1403636579.793555 7.551120 -0.473988 -2.745862 -0.114494 0.074700 0.060039
1403636579.798555 7.591981 -0.514849 -2.884789 -0.111003 0.057247 0.062134
1403636579.803555 7.624671 -0.482160 -2.925651 -0.117286 0.046775 0.061436
1403636579.808556 7.600154 -0.539366 -2.933823 -0.121475 0.033510 0.053756
1403636579.813555 7.714565 -0.523021 -2.966512 -0.119381 0.011868 0.041190
1403636579.818555 7.730909 -0.457644 -2.933823 -0.120079 -0.002793 0.033510
1403636579.823555 7.837148 -0.449471 -2.852101 -0.117286 -0.019548 0.025831
1403636579.828556 8.033280 -0.424955 -2.778551 -0.110305 -0.043284 0.015359
1403636579.833555 8.131348 -0.400438 -2.713173 -0.107512 -0.064926 0.006283
1403636579.838555 8.253930 -0.367749 -2.655968 -0.098437 -0.081681 0.000698
1403636579.843556 8.351997 -0.416783 -2.623279 -0.089361 -0.093550 -0.001396
1403636579.848556 8.294791 -0.351405 -2.557901 -0.078191 -0.099135 -0.003491
1403636579.853555 8.213069 -0.384094 -2.606935 -0.071209 -0.107512 0.001396
1403636579.858555 8.245758 -0.408610 -2.672312 -0.065624 -0.121475 0.009774
1403636579.863556 8.115003 -0.441299 -2.778551 -0.062832 -0.130551 0.018151
1403636579.868556 8.025108 -0.490333 -2.884789 -0.058643 -0.131947 0.031416
1403636579.873555 8.000592 -0.449471 -2.982856 -0.048171 -0.146608 0.047473
1403636579.878555 7.959731 -0.433127 -3.089095 -0.040492 -0.160570 0.064228
1403636579.883556 7.976075 -0.408610 -3.187161 -0.040492 -0.167552 0.073304
1403636579.888556 7.984248 -0.408610 -3.244367 -0.043284 -0.176627 0.076794
1403636579.893555 7.967903 -0.367749 -3.268883 -0.044680 -0.189194 0.082380
1403636579.898555 8.016936 -0.539366 -3.211678 -0.045379 -0.201062 0.074002
1403636579.903556 8.164036 -0.572055 -3.195333 -0.039095 -0.213628 0.071209
1403636579.908556 8.302963 -0.612916 -3.170817 -0.032812 -0.222704 0.064926
1403636579.913555 8.466408 -0.678293 -3.105439 -0.020246 -0.230383 0.060737
1403636579.918555 8.629852 -0.596571 -3.089095 -0.010472 -0.232478 0.061436
1403636579.923556 8.695230 -0.490333 -3.048234 -0.001396 -0.233176 0.064228
1403636579.928555 8.744263 -0.465816 -3.031889 0.007679 -0.227591 0.064926
1403636579.933555 8.760608 -0.375922 -3.048234 0.007679 -0.226893 0.069115
1403636579.938555 8.687057 -0.359577 -3.072750 0.007679 -0.219911 0.081681
1403636579.943556 8.638024 -0.351405 -3.129956 0.004887 -0.216421 0.089361
1403636579.948555 8.621680 -0.212477 -3.178989 -0.002094 -0.218515 0.101229
1403636579.953555 8.597163 -0.122583 -3.178989 -0.007679 -0.211534 0.106116
1403636579.958555 8.580819 -0.073550 -3.195333 -0.020246 -0.210138 0.107512
1403636579.963556 8.588991 -0.122583 -3.285228 -0.029322 -0.211534 0.111003
1403636579.968555 8.523613 -0.196133 -3.268883 -0.038397 -0.203854 0.113795
1403636579.973556 8.499097 -0.326888 -3.228022 -0.040492 -0.195477 0.121475
1403636579.978555 8.556302 -0.539366 -3.236195 -0.033510 -0.197571 0.138928
1403636579.983556 8.523613 -0.686466 -3.211678 -0.020944 -0.187797 0.152193
1403636579.988555 8.580819 -0.849910 -3.236195 -0.004887 -0.180118 0.162665
1403636579.993556 8.638024 -0.866254 -3.236195 0.009774 -0.173835 0.168948
1403636579.998555 8.638024 -0.866254 -3.219850 0.024435 -0.160570 0.169646
1403636580.003556 8.670713 -0.825393 -3.228022 0.032812 -0.144513 0.168250
1403636580.008555 8.744263 -0.539366 -3.317917 0.039095 -0.136834 0.154985
1403636580.013556 8.809641 -0.367749 -3.383294 0.039095 -0.131249 0.139626
1403636580.018555 8.899535 -0.179789 -3.375122 0.034208 -0.121475 0.135438
1403636580.023556 8.973084 0.016344 -3.399639 0.017453 -0.123569 0.129853
1403636580.028556 9.030291 0.106239 -3.424155 0.003491 -0.127060 0.126362
1403636580.033556 9.193734 0.130755 -3.391466 -0.013963 -0.127758 0.122173
1403636580.038555 9.422556 0.163444 -3.391466 -0.027925 -0.129853 0.116588
1403636580.043555 9.528795 0.024517 -3.350605 -0.037001 -0.124267 0.107512
1403636580.048556 9.626862 -0.057205 -3.350605 -0.043284 -0.123569 0.094946
1403636580.053555 9.692239 -0.057205 -3.366950 -0.043284 -0.117286 0.092153
1403636580.058555 9.586000 -0.220650 -3.342433 -0.041888 -0.113795 0.092153
1403636580.063555 9.553311 -0.367749 -3.391466 -0.034208 -0.110305 0.099135
1403636580.068556 9.381695 -0.433127 -3.415983 -0.025831 -0.111003 0.123569
1403636580.073555 9.324490 -0.498505 -3.415983 -0.013963 -0.108210 0.143815
1403636580.078555 9.398040 -0.645604 -3.489533 0.002094 -0.098437 0.166853
1403636580.083556 9.422556 -0.670121 -3.652977 0.011868 -0.089361 0.182212
1403636580.088556 9.389868 -0.645604 -3.775560 0.023736 -0.073304 0.192684
1403636580.093555 9.365351 -0.637432 -3.832766 0.029322 -0.062832 0.196873
1403636580.098555 9.308146 -0.523021 -3.849110 0.029322 -0.057945 0.193382
1403636580.103556 9.218251 -0.506677 -3.881799 0.030718 -0.050964 0.184307
1403636580.108556 9.242767 -0.498505 -3.955349 0.023038 -0.050265 0.175231
1403636580.113555 9.365351 -0.433127 -3.988038 0.020246 -0.052360 0.163363
1403636580.118555 9.398040 -0.384094 -3.898143 0.023038 -0.050964 0.154287
1403636580.123556 9.479762 -0.375922 -3.865454 0.017453 -0.053756 0.145910
1403636580.128556 9.561483 -0.384094 -3.791905 0.010472 -0.051662 0.133343
1403636580.133555 9.610517 -0.400438 -3.702010 0.003491 -0.055851 0.125664
1403636580.138555 9.659551 -0.482160 -3.554911 0.006981 -0.059341 0.115192
1403636580.143556 9.749445 -0.449471 -3.530394 0.007679 -0.060737 0.113097
1403636580.148556 9.773961 -0.375922 -3.505877 0.013963 -0.058643 0.116588
1403636580.153555 9.855683 -0.220650 -3.587600 0.016755 -0.055851 0.124966
1403636580.158556 9.929234 -0.089894 -3.685666 0.011170 -0.050265 0.129853
1403636580.163556 9.651378 -0.269683 -3.554911 0.008378 -0.051662 0.127758
1403636580.168555 9.561483 -0.498505 -3.383294 0.013963 -0.069813 0.125664
1403636580.173555 9.635034 -0.588399 -3.595772 0.025133 -0.074700 0.129154
1403636580.178555 9.757617 -0.416783 -3.816421 0.033510 -0.076096 0.115890
1403636580.183556 9.880199 -0.310544 -3.939004 0.028623 -0.064926 0.096342
1403636580.188555 9.757617 -0.261511 -3.947177 0.018850 -0.054454 0.088663
1403636580.193555 9.545139 -0.384094 -3.873627 0.014661 -0.063530 0.077493
1403636580.198555 9.708584 -0.473988 -3.898143 0.004189 -0.064228 0.056549
1403636580.203556 9.765789 -0.490333 -4.004382 -0.002793 -0.075398 0.039794
1403636580.208555 9.782133 -0.555710 -3.955349 -0.005585 -0.081681 0.030020
1403636580.213556 9.888372 -0.637432 -3.955349 -0.007679 -0.078191 0.027925
1403636580.218555 9.888372 -0.604743 -3.922660 -0.007679 -0.080285 0.033510
1403636580.223556 9.970094 -0.572055 -3.889971 -0.004189 -0.084474 0.041888
1403636580.228555 9.994611 -0.653777 -3.816421 -0.002094 -0.073304 0.056549
1403636580.233556 9.880199 -0.710982 -3.775560 -0.002793 -0.078191 0.067021
1403636580.238555 9.839339 -0.661949 -3.759216 0.004887 -0.078889 0.071908
1403636580.243556 9.724928 -0.629260 -3.751044 0.011170 -0.080983 0.071209
1403636580.248555 9.790305 -0.523021 -3.816421 0.010472 -0.092852 0.069115
1403636580.253556 9.822994 -0.392266 -3.881799 0.006283 -0.094946 0.060039
1403636580.258555 9.765789 -0.416783 -3.963521 0.002793 -0.094248 0.050265
1403636580.263556 9.872027 -0.408610 -4.053415 0.002793 -0.100531 0.039794
1403636580.268555 9.782133 -0.400438 -4.110621 -0.002793 -0.099833 0.024435
1403636580.273556 9.765789 -0.424955 -4.175999 -0.010472 -0.107512 0.006981
1403636580.278555 9.831166 -0.318716 -4.249548 -0.014661 -0.121475 -0.007679
1403636580.283556 9.790305 -0.294199 -4.257720 -0.017453 -0.125664 -0.018850
1403636580.288556 9.765789 -0.318716 -4.306754 -0.020944 -0.137532 -0.033510
1403636580.293555 9.782133 -0.351405 -4.331270 -0.027227 -0.143815 -0.043982
1403636580.298555 9.692239 -0.343233 -4.225032 -0.027227 -0.154287 -0.046775
1403636580.303555 9.635034 -0.457644 -4.175999 -0.020246 -0.155683 -0.042586
1403636580.308556 9.545139 -0.514849 -4.069760 -0.009076 -0.159872 -0.032812
1403636580.313555 9.389868 -0.580227 -3.979866 0.000698 -0.175929 -0.016057
1403636580.318555 9.332662 -0.670121 -3.906316 0.013265 -0.185703 0.010472
1403636580.323555 9.340834 -0.719154 -3.873627 0.030020 -0.195477 0.028623
1403636580.328556 9.373523 -0.751843 -3.849110 0.042586 -0.196873 0.044680
1403636580.333555 9.569656 -0.653777 -3.906316 0.050265 -0.196873 0.060737
1403636580.338555 9.684067 -0.482160 -3.988038 0.057945 -0.200364 0.069115
1403636580.343556 9.684067 -0.343233 -4.020727 0.058643 -0.197571 0.079587
1403636580.348556 9.684067 -0.294199 -4.012554 0.043982 -0.202458 0.091455
1403636580.353555 9.684067 -0.236994 -4.020727 0.034208 -0.210836 0.097040
1403636580.358555 9.716756 -0.179789 -4.028899 0.022340 -0.227591 0.095644
1403636580.363556 9.790305 -0.204305 -4.045243 0.010472 -0.235270 0.089361
1403636580.368556 9.896544 -0.204305 -4.110621 0.000698 -0.245044 0.074700
1403636580.373555 10.019128 -0.171616 -4.102448 -0.010472 -0.257611 0.057945
1403636580.378555 10.068161 -0.220650 -4.126965 -0.016755 -0.264592 0.034208
1403636580.383556 10.084505 -0.228822 -4.110621 -0.023038 -0.270875 0.019548
1403636580.388556 10.068161 -0.245166 -4.045243 -0.025133 -0.282743 0.006283
1403636580.393555 10.027300 -0.335061 -4.061587 -0.023736 -0.292517 0.000698
1403636580.398555 10.084505 -0.433127 -4.135138 -0.016057 -0.302989 0.000698
1403636580.403556 10.166227 -0.449471 -4.159654 -0.008378 -0.313461 0.011170
1403636580.408556 10.141710 -0.514849 -4.233204 0.004887 -0.315556 0.018151
1403636580.413555 10.223433 -0.539366 -4.314926 0.008378 -0.319744 0.027227
1403636580.418555 10.313327 -0.498505 -4.412992 0.019548 -0.322537 0.040492
1403636580.423556 10.305155 -0.588399 -4.421165 0.020944 -0.322537 0.045379
1403636580.428555 10.452254 -0.612916 -4.494715 0.025133 -0.326726 0.049567
1403636580.433555 10.484943 -0.514849 -4.470198 0.023736 -0.330914 0.060737
1403636580.438555 10.550321 -0.531194 -4.519231 0.023736 -0.330914 0.071908
1403636580.443556 10.672904 -0.441299 -4.551920 0.020944 -0.333009 0.080983
1403636580.448555 10.836349 -0.335061 -4.511059 0.013265 -0.336499 0.094248
1403636580.453555 10.893554 -0.326888 -4.551920 0.006981 -0.334405 0.100531
1403636580.458555 10.999792 -0.359577 -4.568264 -0.002793 -0.327424 0.097738
1403636580.463556 11.073342 -0.367749 -4.617298 -0.009076 -0.322537 0.092153
1403636580.468555 11.032481 -0.359577 -4.584609 -0.013265 -0.320442 0.084474
1403636580.473556 11.048825 -0.384094 -4.699020 -0.015359 -0.316254 0.071209
1403636580.478555 11.106031 -0.310544 -4.748053 -0.014661 -0.323933 0.068417
1403636580.483556 11.179581 -0.318716 -4.821603 -0.012566 -0.328122 0.062134
1403636580.488555 11.424747 -0.384094 -4.952358 -0.016755 -0.327424 0.055851
1403636580.493556 11.588191 -0.384094 -5.017736 -0.010472 -0.332311 0.058643
1403636580.498555 11.710774 -0.465816 -5.083114 0.004189 -0.329518 0.062832
1403636580.503556 11.898735 -0.588399 -5.173008 0.016755 -0.323235 0.076096
1403636580.508555 12.103041 -0.506677 -5.279247 0.030718 -0.311367 0.097738
1403636580.513556 12.127557 -0.490333 -5.336452 0.046077 -0.305782 0.118682
1403636580.518555 12.119385 -0.482160 -5.410002 0.050964 -0.290423 0.136834
1403636580.523556 12.176590 -0.400438 -5.459035 0.056549 -0.279253 0.148004
1403636580.528556 12.119385 -0.277855 -5.532585 0.051662 -0.269479 0.150098
1403636580.533556 12.078524 -0.294199 -5.565274 0.047473 -0.259705 0.145211
1403636580.538555 12.094869 -0.277855 -5.622479 0.040492 -0.249233 0.131249
1403636580.543555 11.996801 -0.310544 -5.638824 0.034907 -0.234572 0.122871
1403636580.548556 12.013146 -0.367749 -5.614307 0.029322 -0.215723 0.111701
1403636580.553555 11.988629 -0.400438 -5.679685 0.023736 -0.199666 0.099833
1403636580.558555 11.955941 -0.416783 -5.622479 0.028623 -0.184307 0.095644
1403636580.563555 12.004974 -0.473988 -5.597963 0.032812 -0.166155 0.091455
1403636580.568556 12.086696 -0.563882 -5.622479 0.033510 -0.146608 0.089361
1403636580.573555 12.168418 -0.563882 -5.630651 0.046775 -0.136136 0.090757
1403636580.578555 12.241968 -0.604743 -5.597963 0.057247 -0.120079 0.097040
1403636580.583556 12.372724 -0.580227 -5.597963 0.064926 -0.103323 0.102625
1403636580.588556 12.397240 -0.482160 -5.630651 0.067021 -0.086568 0.108909
1403636580.593555 12.348207 -0.514849 -5.614307 0.066323 -0.062832 0.113097
1403636580.598555 12.307345 -0.563882 -5.622479 0.066323 -0.043284 0.113097
1403636580.603556 12.209279 -0.490333 -5.630651 0.064228 -0.029322 0.115890
1403636580.608556 12.070352 -0.465816 -5.622479 0.055851 -0.006981 0.110305
1403636580.613555 11.923252 -0.465816 -5.606135 0.044680 0.006981 0.105418
1403636580.618555 11.825186 -0.400438 -5.557102 0.036303 0.021642 0.097738
1403636580.623556 11.645397 -0.433127 -5.508069 0.023736 0.036303 0.090757
1403636580.628556 11.555503 -0.555710 -5.450863 0.011868 0.048171 0.080983
1403636580.633555 11.620880 -0.555710 -5.385485 0.000698 0.063530 0.072606
1403636580.638555 11.514642 -0.604743 -5.320107 -0.004189 0.074002 0.068417
1403636580.643556 11.547330 -0.686466 -5.262902 -0.008378 0.081681 0.066323
1403636580.648556 11.653569 -0.596571 -5.271074 -0.013265 0.097738 0.064926
1403636580.653555 11.629052 -0.563882 -5.197525 -0.013963 0.106116 0.063530
1403636580.658556 11.629052 -0.498505 -5.107630 -0.017453 0.117984 0.058643
1403636580.663556 11.686258 -0.449471 -5.115802 -0.022340 0.126362 0.055851
1403636580.668555 11.645397 -0.343233 -5.083114 -0.028623 0.136834 0.046775
1403636580.673555 11.539158 -0.318716 -5.074941 -0.034208 0.148004 0.034907
1403636580.678555 11.481953 -0.261511 -5.099458 -0.043284 0.161967 0.018850
1403636580.683556 11.343025 -0.114411 -5.099458 -0.055851 0.171042 0.006981
1403636580.688555 11.204098 -0.089894 -5.091286 -0.066323 0.181514 -0.002094
1403636580.693555 11.048825 -0.122583 -5.074941 -0.076794 0.193382 -0.010472
1403636580.698555 10.844521 -0.171616 -4.993219 -0.080285 0.195477 -0.018151
1403636580.703556 10.738282 -0.294199 -5.001391 -0.083078 0.205949 -0.027925
1403636580.708555 10.803659 -0.359577 -4.985047 -0.086568 0.208741 -0.039794
1403636580.713556 10.754626 -0.343233 -4.911497 -0.084474 0.213628 -0.041190
1403636580.718555 10.721937 -0.318716 -4.788914 -0.085172 0.224798 -0.043982
1403636580.723556 10.762798 -0.326888 -4.756225 -0.083776 0.228289 -0.049567
1403636580.728555 10.885382 -0.245166 -4.715364 -0.086568 0.231780 -0.049567
1403636580.733556 10.893554 -0.179789 -4.641814 -0.091455 0.234572 -0.046077
1403636580.738555 10.958931 -0.163444 -4.625470 -0.096342 0.235969 -0.038397
1403636580.743556 11.016137 -0.122583 -4.584609 -0.106116 0.235969 -0.032114
1403636580.748555 11.016137 -0.171616 -4.543748 -0.109607 0.238761 -0.033510
1403636580.753556 11.032481 -0.187961 -4.600953 -0.120777 0.244346 -0.044680
1403636580.758555 10.942587 -0.196133 -4.658159 -0.134739 0.249931 -0.050265
1403636580.763556 10.689248 -0.286027 -4.649987 -0.137532 0.259705 -0.056549
1403636580.768555 10.476771 -0.326888 -4.674503 -0.140324 0.268781 -0.053058
1403636580.773556 10.288811 -0.416783 -4.699020 -0.139626 0.270875 -0.041888
1403636580.778555 9.978267 -0.326888 -4.690847 -0.138230 0.275762 -0.035605
1403636580.783556 9.855683 -0.367749 -4.682675 -0.133343 0.283441 -0.028623
1403636580.788556 9.831166 -0.335061 -4.748053 -0.136834 0.286932 -0.029322
1403636580.793555 9.847511 -0.204305 -4.731709 -0.143815 0.284140 -0.034907
1403636580.798555 9.872027 -0.310544 -4.658159 -0.155683 0.284140 -0.048869
1403636580.803555 9.970094 -0.343233 -4.617298 -0.168250 0.290423 -0.069813
1403636580.808556 10.019128 -0.326888 -4.551920 -0.173835 0.292517 -0.072606
1403636580.813555 10.027300 -0.326888 -4.429337 -0.177325 0.293913 -0.067719
1403636580.818555 10.125366 -0.310544 -4.339443 -0.181514 0.300895 -0.051662
1403636580.823555 10.231605 -0.294199 -4.274065 -0.186401 0.300197 -0.034907
1403636580.828556 10.247950 -0.253338 -4.184171 -0.194779 0.304385 -0.027925
1403636580.833555 10.182571 -0.220650 -4.143310 -0.198968 0.311367 -0.032812
1403636580.838555 10.035472 -0.179789 -4.135138 -0.206647 0.325329 -0.040492
1403636580.843556 9.749445 -0.024517 -4.077932 -0.215025 0.333009 -0.046775
1403636580.848556 9.496106 0.024517 -4.077932 -0.224798 0.336499 -0.057945
1403636580.853555 9.210079 0.032689 -4.061587 -0.237365 0.338594 -0.074700
1403636580.858555 8.940396 -0.016344 -4.061587 -0.248535 0.336499 -0.076096
1403636580.863556 8.719747 -0.147100 -4.045243 -0.252026 0.337198 -0.073304
1403636580.868556 8.638024 -0.228822 -4.053415 -0.255516 0.334405 -0.072606
1403636580.873555 8.482752 -0.286027 -4.004382 -0.248535 0.331613 -0.072606
1403636580.878555 8.466408 -0.375922 -3.930832 -0.247139 0.332311 -0.074700
1403636580.883556 8.539958 -0.433127 -3.979866 -0.239459 0.327424 -0.074700
1403636580.888556 8.613507 -0.473988 -3.955349 -0.230383 0.328820 -0.072606
1403636580.893555 8.678885 -0.547538 -3.881799 -0.222006 0.323235 -0.062832
1403636580.898555 8.842329 -0.604743 -3.865454 -0.208741 0.327424 -0.050265
1403636580.903556 8.940396 -0.612916 -3.824594 -0.190590 0.323933 -0.036303
1403636580.908556 8.997602 -0.523021 -3.751044 -0.172439 0.322537 -0.018151
1403636580.913555 9.013946 -0.506677 -3.685666 -0.148004 0.328122 0.000000
1403636580.918555 9.013946 -0.375922 -3.742872 -0.131947 0.327424 0.012566
1403636580.923556 8.825985 -0.294199 -3.702010 -0.117984 0.331613 0.018151
1403636580.928555 8.646196 -0.294199 -3.677494 -0.103323 0.339292 0.018850
1403636580.933555 8.401031 -0.228822 -3.669322 -0.099135 0.337198 0.018850
1403636580.938555 8.204897 -0.130755 -3.685666 -0.091455 0.331613 0.016755
1403636580.943556 8.155864 -0.089894 -3.734699 -0.084474 0.334405 0.013265
1403636580.948555 8.164036 -0.016344 -3.775560 -0.075398 0.330914 0.004189
1403636580.953555 8.123175 0.122583 -3.751044 -0.072606 0.323235 -0.006981
1403636580.958555 8.074142 0.220650 -3.644805 -0.069115 0.314857 -0.019548
1403636580.963556 8.115003 0.220650 -3.546738 -0.071908 0.308574 -0.033510
1403636580.968555 8.147692 0.236994 -3.465016 -0.069115 0.305084 -0.032812
1403636580.973556 8.057797 0.138928 -3.415983 -0.055851 0.306480 -0.024435
1403636580.978555 8.065969 -0.040861 -3.358778 -0.043982 0.307876 -0.002793
1403636580.983556 7.992420 -0.155272 -3.301572 -0.023736 0.304385 0.014661
1403636580.988555 7.910697 -0.187961 -3.195333 -0.006981 0.310669 0.023736
1403636580.993556 7.992420 -0.253338 -3.211678 0.005585 0.308574 0.036303
1403636580.998555 7.992420 -0.212477 -3.252539 0.020944 0.301593 0.051662
1403636581.003556 7.943387 -0.138928 -3.178989 0.029322 0.293215 0.074700
1403636581.008555 7.886181 -0.106239 -3.129956 0.034907 0.287630 0.098437
1403636581.013556 8.065969 -0.032689 -3.129956 0.039095 0.280649 0.127758
1403636581.018555 8.270275 0.024517 -3.203506 0.038397 0.282045 0.153589
1403636581.023556 8.425547 0.024517 -3.195333 0.040492 0.292517 0.166155
1403636581.028556 8.531786 0.114411 -3.350605 0.039794 0.300895 0.161967
1403636581.033556 8.531786 0.302372 -3.366950 0.040492 0.302291 0.142419
1403636581.038555 8.425547 0.433127 -3.350605 0.037001 0.306480 0.117286
1403636581.043555 8.392858 0.506677 -3.342433 0.033510 0.299498 0.083078
1403636581.048556 8.311136 0.653777 -3.375122 0.025831 0.288328 0.063530
1403636581.053555 8.327480 0.694638 -3.317917 0.018850 0.278555 0.054454
1403636581.058555 8.351997 0.555710 -3.293400 0.010472 0.277158 0.045379
1403636581.063555 8.376513 0.490333 -3.252539 0.002793 0.271573 0.038397
1403636581.068556 8.311136 0.375922 -3.129956 0.002094 0.270875 0.033510
1403636581.073555 8.270275 0.310544 -3.048234 -0.000698 0.280649 0.032812
1403636581.078555 8.196725 0.253338 -3.031889 -0.009774 0.282743 0.043284
1403636581.083556 8.065969 0.196133 -2.884789 -0.012566 0.277856 0.064228
1403636581.088556 7.967903 0.106239 -2.778551 -0.018850 0.278555 0.098437
1403636581.093555 8.025108 0.000000 -2.794895 -0.023736 0.277158 0.141023
1403636581.098555 8.082314 0.016344 -2.819412 -0.034208 0.284140 0.178024
1403636581.103556 8.213069 0.089894 -2.827584 -0.039794 0.298102 0.203854
1403636581.108556 8.237586 0.057205 -2.892962 -0.050265 0.312763 0.230383
1403636581.113555 8.155864 0.024517 -2.909306 -0.060039 0.328122 0.238063
1403636581.118555 7.976075 0.016344 -2.917478 -0.055851 0.335103 0.244346
1403636581.123556 7.967903 0.049033 -3.031889 -0.050265 0.337198 0.245044
1403636581.128556 8.082314 0.147100 -3.187161 -0.044680 0.342783 0.238761
1403636581.133555 8.025108 0.236994 -3.260711 -0.034208 0.339292 0.231082
1403636581.138555 8.041453 0.286027 -3.334261 -0.026529 0.344179 0.218515
1403636581.143556 8.074142 0.408610 -3.366950 -0.016057 0.339292 0.196873
1403636581.148556 8.041453 0.465816 -3.293400 -0.010472 0.338594 0.170344
1403636581.153555 7.976075 0.416783 -3.178989 0.001396 0.336499 0.146608
1403636581.158556 7.959731 0.457644 -3.105439 0.006981 0.328820 0.122871
1403636581.163556 7.902525 0.441299 -3.023717 0.013963 0.330216 0.115192
1403636581.168555 7.820803 0.400438 -2.982856 0.010472 0.331613 0.112399
1403636581.173555 7.845320 0.359577 -2.966512 0.006981 0.335801 0.115890
1403636581.178555 7.828976 0.286027 -2.917478 -0.000698 0.339292 0.119381
1403636581.183556 7.714565 0.179789 -2.811240 -0.009076 0.343481 0.128456
1403636581.188555 7.706392 0.057205 -2.770379 -0.021642 0.346273 0.138928
1403636581.193555 7.714565 -0.040861 -2.705001 -0.034907 0.344179 0.159174
1403636581.198555 7.788115 -0.089894 -2.655968 -0.046077 0.344179 0.182212
1403636581.203556 7.918870 -0.228822 -2.647795 -0.052360 0.355349 0.199666
1403636581.208555 8.082314 -0.277855 -2.737690 -0.053756 0.363028 0.219213
1403636581.213556 8.115003 -0.261511 -2.794895 -0.052360 0.376991 0.235270
1403636581.218555 8.057797 -0.179789 -2.860273 -0.043982 0.397935 0.245044
1403636581.223556 7.959731 -0.089894 -2.966512 -0.034208 0.404916 0.238761
1403636581.228555 7.845320 0.016344 -2.982856 -0.027227 0.401426 0.224100
1403636581.233556 7.641015 0.040861 -2.982856 -0.019548 0.390954 0.210836
1403636581.238555 7.559293 0.000000 -2.999200 -0.007679 0.377689 0.193382
1403636581.243556 7.567465 0.024517 -2.991028 0.002094 0.363028 0.171042
1403636581.248555 7.583809 -0.024517 -3.007373 0.017453 0.354651 0.148004
1403636581.253556 7.591981 -0.081722 -2.982856 0.033510 0.351858 0.122173
1403636581.258555 7.510260 -0.008172 -2.909306 0.043284 0.351160 0.097040
1403636581.263556 7.265093 0.032689 -2.762206 0.051662 0.351160 0.077493
1403636581.268555 6.979066 0.049033 -2.655968 0.052360 0.350462 0.058643
1403636581.273556 6.856483 0.040861 -2.647795 0.048869 0.339990 0.046077
1403636581.278555 6.684866 0.024517 -2.549729 0.036303 0.327424 0.030718
1403636581.283556 6.537766 -0.032689 -2.459835 0.021642 0.324631 0.023736
1403636581.288556 6.423356 -0.114411 -2.410801 0.004887 0.316254 0.026529
1403636581.293555 6.317117 -0.163444 -2.312735 -0.008378 0.320442 0.034907
1403636581.298555 6.202706 -0.359577 -2.116602 -0.014661 0.316952 0.044680
1403636581.303555 6.235395 -0.539366 -2.026708 -0.023038 0.309272 0.057247
1403636581.308556 6.292601 -0.523021 -1.977674 -0.022340 0.307876 0.070511
1403636581.313555 6.276256 -0.523021 -1.887780 -0.018151 0.298102 0.085870
1403636581.318555 6.325289 -0.392266 -1.822402 -0.016755 0.293215 0.098437
1403636581.323555 6.308945 -0.212477 -1.797886 -0.015359 0.277856 0.106814
1403636581.328556 6.276256 -0.049033 -1.765197 -0.012566 0.260403 0.106814
1403636581.333555 6.251740 -0.008172 -1.699819 -0.019548 0.249931 0.101927
1403636581.338555 6.227223 0.024517 -1.707992 -0.020944 0.229685 0.092153
1403636581.343556 6.161845 0.089894 -1.716164 -0.023038 0.217817 0.080983
1403636581.348556 6.055606 0.163444 -1.699819 -0.026529 0.200364 0.065624
1403636581.353555 5.973884 0.310544 -1.691647 -0.030718 0.187099 0.046077
1403636581.358555 5.916679 0.490333 -1.699819 -0.044680 0.165457 0.027925
1403636581.363556 5.818612 0.506677 -1.683475 -0.059341 0.146608 0.011170
1403636581.368556 5.867646 0.433127 -1.691647 -0.074700 0.127060 -0.003491
1403636581.373555 5.892162 0.335061 -1.683475 -0.085870 0.111701 -0.014661
1403636581.378555 5.883990 0.204305 -1.707992 -0.091455 0.097040 -0.032114
1403636581.383556 5.933023 0.114411 -1.781541 -0.092852 0.083078 -0.039794
1403636581.388556 5.916679 0.073550 -1.838747 -0.094946 0.072606 -0.038397
1403636581.393555 5.867646 0.122583 -1.789714 -0.095644 0.055851 -0.031416
1403636581.398555 5.794096 0.057205 -1.748853 -0.096342 0.048171 -0.027227
1403636581.403556 5.810440 -0.065378 -1.683475 -0.092852 0.029322 -0.020944
1403636581.408556 5.802268 -0.114411 -1.618097 -0.087266 0.010472 -0.011170
1403636581.413555 5.834957 -0.155272 -1.536375 -0.078889 -0.005585 -0.006283
1403636581.418555 5.965712 -0.171616 -1.446481 -0.069813 -0.024435 -0.004887
1403636581.423556 5.990229 -0.138928 -1.381103 -0.058643 -0.043284 -0.004189
1403636581.428555 5.998401 -0.057205 -1.332070 -0.050964 -0.052360 -0.006981
1403636581.433555 6.055606 -0.024517 -1.348414 -0.041190 -0.058643 -0.020246
1403636581.438555 6.047434 0.040861 -1.446481 -0.041888 -0.071209 -0.037001
1403636581.443556 5.990229 0.057205 -1.446481 -0.046775 -0.085870 -0.053058
1403636581.448555 5.933023 0.057205 -1.585408 -0.047473 -0.094946 -0.060737
1403636581.453555 5.998401 0.130755 -1.716164 -0.048869 -0.109607 -0.070511
1403636581.458555 5.990229 0.196133 -1.806058 -0.053756 -0.127758 -0.076794
1403636581.463556 6.080123 0.171616 -1.953158 -0.057247 -0.140324 -0.078191
1403636581.468555 6.202706 0.089894 -2.059397 -0.063530 -0.152891 -0.078889
1403636581.473556 6.317117 0.040861 -2.051224 -0.062134 -0.160570 -0.078889
1403636581.478555 6.398839 -0.024517 -1.994019 -0.060737 -0.168250 -0.070511
1403636581.483556 6.578628 -0.122583 -1.969502 -0.060039 -0.178722 -0.062134
1403636581.488555 6.676694 -0.073550 -1.920469 -0.053058 -0.191288 -0.043982
1403636581.493556 6.725728 -0.073550 -1.748853 -0.044680 -0.204553 -0.025133
1403636581.498555 6.856483 0.032689 -1.626269 -0.039794 -0.205949 -0.002094
1403636581.503556 6.921861 0.114411 -1.503686 -0.039794 -0.218515 0.025831
1403636581.508555 6.930033 0.196133 -1.332070 -0.037699 -0.221308 0.048171
1403636581.513556 6.938205 0.089894 -1.217659 -0.043284 -0.222704 0.064228
1403636581.518555 6.962721 0.000000 -1.258520 -0.043982 -0.224100 0.079587
1403636581.523556 6.946377 -0.122583 -1.234003 -0.043284 -0.223402 0.087965
1403636581.528556 6.872827 -0.294199 -1.348414 -0.035605 -0.219213 0.100531
1403636581.533556 6.848310 -0.302372 -1.593581 -0.027925 -0.215723 0.113795
1403636581.538555 6.733900 -0.294199 -1.748853 -0.023038 -0.216421 0.129853
1403636581.543555 6.717555 -0.318716 -1.912297 -0.024435 -0.219911 0.151495
1403636581.548556 6.987238 -0.310544 -2.141119 -0.023736 -0.233176 0.159174
1403636581.553555 7.248749 -0.171616 -2.304563 -0.023736 -0.244346 0.163363
1403636581.558555 7.461226 0.032689 -2.402629 -0.025133 -0.245044 0.159872
1403636581.563555 7.820803 0.236994 -2.476179 -0.019548 -0.251327 0.156382
1403636581.568556 8.090487 0.400438 -2.525212 -0.013265 -0.254818 0.155683
1403636581.573555 8.278447 0.408610 -2.443490 -0.007679 -0.257611 0.152193
1403636581.578555 8.474580 0.286027 -2.484351 0.000000 -0.249931 0.146608
1403636581.583556 8.523613 0.138928 -2.459835 0.017453 -0.245742 0.140324
1403636581.588556 8.425547 0.032689 -2.451663 0.043284 -0.238761 0.129154
1403636581.593555 8.196725 0.000000 -2.394457 0.057247 -0.234572 0.112399
1403636581.598555 8.065969 0.000000 -2.386285 0.070511 -0.224798 0.097738
1403636581.603556 7.943387 0.040861 -2.378113 0.074700 -0.226893 0.093550
1403636581.608556 7.771770 -0.106239 -2.353596 0.083078 -0.222006 0.090757
1403636581.613555 7.747253 -0.212477 -2.443490 0.087266 -0.215025 0.107512
1403636581.618555 7.779943 -0.204305 -2.484351 0.089361 -0.207345 0.129154
1403636581.623556 7.820803 -0.114411 -2.549729 0.085870 -0.191986 0.148004
1403636581.628556 7.984248 0.106239 -2.713173 0.071908 -0.180118 0.166155
1403636581.633555 8.131348 0.392266 -2.770379 0.049567 -0.168250 0.185703
1403636581.638555 8.213069 0.653777 -2.835756 0.024435 -0.164061 0.201760
1403636581.643556 8.441892 0.686466 -2.835756 -0.002094 -0.166853 0.210836
1403636581.648556 8.834157 0.678293 -2.892962 -0.026529 -0.172439 0.207345
1403636581.653555 9.152873 0.572055 -2.876617 -0.041190 -0.175231 0.185005
1403636581.658556 9.406212 0.408610 -2.860273 -0.051662 -0.164061 0.153589
1403636581.663556 9.553311 0.343233 -2.925651 -0.046077 -0.155683 0.117984
1403636581.668555 9.528795 0.408610 -2.966512 -0.034208 -0.144513 0.082380
1403636581.673555 9.324490 0.400438 -2.974684 -0.021642 -0.127758 0.042586
1403636581.678555 9.193734 0.326888 -3.031889 -0.015359 -0.126362 0.005585
1403636581.683556 8.932223 0.196133 -3.064578 -0.003491 -0.121475 -0.028623
1403636581.688555 8.678885 -0.130755 -3.064578 0.012566 -0.117984 -0.046775
1403636581.693555 8.507269 -0.318716 -3.146300 0.032114 -0.117984 -0.056549
1403636581.698555 8.376513 -0.367749 -3.105439 0.055152 -0.120079 -0.042586
1403636581.703556 8.229414 -0.277855 -3.056406 0.074700 -0.108909 -0.015359
1403636581.708555 8.311136 -0.138928 -3.031889 0.090757 -0.100531 0.040492
1403636581.713556 8.441892 -0.008172 -3.048234 0.093550 -0.087266 0.092852
1403636581.718555 8.490925 0.081722 -3.031889 0.089361 -0.076096 0.150098
1403636581.723556 8.662540 -0.024517 -3.064578 0.080983 -0.060737 0.191288
1403636581.728555 8.785124 -0.089894 -3.072750 0.076096 -0.046077 0.215723
1403636581.733556 8.866846 -0.163444 -3.080923 0.067719 -0.039095 0.221308
1403636581.738555 9.071151 -0.130755 -3.162645 0.053058 -0.036303 0.201062
1403636581.743556 9.349007 -0.049033 -3.317917 0.039794 -0.038397 0.175929
1403636581.748555 9.373523 0.032689 -3.448672 0.024435 -0.037699 0.138230
1403636581.753556 9.430728 -0.130755 -3.456844 0.015359 -0.033510 0.095644
1403636581.758555 9.398040 -0.326888 -3.579427 0.016755 -0.035605 0.058643
1403636581.763556 9.340834 -0.465816 -3.636633 0.025133 -0.035605 0.039794
1403636581.768555 9.152873 -0.572055 -3.685666 0.051662 -0.024435 0.032812
1403636581.773556 9.013946 -0.645604 -3.808249 0.074002 -0.018850 0.025831
1403636581.778555 8.858674 -0.555710 -3.865454 0.097738 -0.019548 0.027925
1403636581.783556 8.629852 -0.449471 -3.800077 0.118682 -0.025133 0.039095
1403636581.788556 8.515441 -0.400438 -3.751044 0.134041 -0.032114 0.055152
1403636581.793555 8.564474 -0.286027 -3.652977 0.147306 -0.045379 0.080983
1403636581.798555 8.662540 -0.187961 -3.465016 0.154287 -0.060039 0.115890
1403636581.803555 8.850502 -0.187961 -3.260711 0.157778 -0.065624 0.143117
1403636581.808556 9.201906 -0.065378 -3.146300 0.157778 -0.068417 0.164061
1403636581.813555 9.389868 0.040861 -3.048234 0.153589 -0.063530 0.171740
1403636581.818555 9.422556 0.163444 -2.901134 0.138928 -0.050964 0.159174
1403636581.823555 9.455245 0.179789 -2.835756 0.111003 -0.050265 0.140324
1403636581.828556 9.389868 0.245166 -2.786723 0.084474 -0.056549 0.119381
1403636581.833555 9.234595 0.212477 -2.876617 0.058643 -0.060737 0.098437
1403636581.838555 9.250939 0.163444 -3.097267 0.029322 -0.060039 0.085870
1403636581.843556 9.201906 0.130755 -3.260711 0.000698 -0.067021 0.079587
1403636581.848556 9.169218 -0.098067 -3.383294 -0.019548 -0.074700 0.078191
1403636581.853555 9.128357 -0.392266 -3.415983 -0.028623 -0.083776 0.082380
1403636581.858555 9.169218 -0.751843 -3.481361 -0.023038 -0.104022 0.082380
1403636581.863556 9.210079 -0.956148 -3.538566 -0.002793 -0.119381 0.094946
1403636581.868556 9.316318 -0.964321 -3.644805 0.023736 -0.129154 0.120777
1403636581.873555 9.512450 -0.882599 -3.677494 0.045379 -0.143815 0.141721
1403636581.878555 9.577828 -0.670121 -3.571255 0.073304 -0.151495 0.166155
1403636581.883556 9.626862 -0.523021 -3.505877 0.085870 -0.157080 0.185005
1403636581.888556 9.716756 -0.473988 -3.440500 0.093550 -0.170344 0.191986
1403636581.893555 9.765789 -0.294199 -3.375122 0.096342 -0.185005 0.191986
1403636581.898555 9.733100 -0.147100 -3.366950 0.092852 -0.189194 0.189892
1403636581.903556 9.782133 -0.008172 -3.391466 0.078889 -0.196175 0.189194
1403636581.908556 9.716756 0.253338 -3.407811 0.055851 -0.205251 0.182212
1403636581.913555 9.716756 0.343233 -3.481361 0.027925 -0.214326 0.176627
1403636581.918555 9.675895 0.384094 -3.530394 -0.009774 -0.215723 0.163363
1403636581.923556 9.765789 0.310544 -3.693838 -0.048869 -0.217119 0.142419
1403636581.928555 9.716756 0.171616 -3.734699 -0.083078 -0.224798 0.123569
1403636581.933555 9.675895 0.024517 -3.644805 -0.118682 -0.231082 0.109607
1403636581.938555 9.724928 -0.187961 -3.546738 -0.129154 -0.242950 0.101229
1403636581.943556 9.798478 -0.269683 -3.465016 -0.133343 -0.254818 0.099833
1403636581.948555 9.880199 -0.433127 -3.350605 -0.129154 -0.270177 0.106814
1403636581.953555 10.092677 -0.588399 -3.268883 -0.118682 -0.277158 0.124267
1403636581.958555 10.190743 -0.572055 -3.219850 -0.096342 -0.281347 0.144513
1403636581.963556 10.182571 -0.547538 -3.178989 -0.074700 -0.279951 0.167552
1403636581.968555 10.313327 -0.392266 -3.268883 -0.055152 -0.279951 0.182212
1403636581.973556 10.223433 -0.155272 -3.334261 -0.043284 -0.279253 0.193382
1403636581.978555 10.092677 0.008172 -3.440500 -0.041888 -0.279951 0.195477
1403636581.983556 10.051816 0.106239 -3.579427 -0.048869 -0.288328 0.185005
1403636581.988555 10.010955 0.130755 -3.767388 -0.067021 -0.301593 0.162665
1403636581.993556 9.978267 0.122583 -3.889971 -0.083776 -0.309970 0.136834
1403636581.998555 9.961922 0.040861 -3.988038 -0.103323 -0.312763 0.112399
1403636582.003556 10.019128 -0.049033 -4.175999 -0.119381 -0.319744 0.080983
1403636582.008555 10.019128 -0.138928 -4.233204 -0.131249 -0.321839 0.057247
1403636582.013556 10.059988 -0.310544 -4.314926 -0.135438 -0.319046 0.034907
1403636582.018555 10.141710 -0.457644 -4.372131 -0.136136 -0.323235 0.020944
1403636582.023556 10.190743 -0.473988 -4.347615 -0.125664 -0.321839 0.017453
1403636582.028556 10.264294 -0.433127 -4.282237 -0.110305 -0.321839 0.022340
1403636582.033556 10.378705 -0.449471 -4.175999 -0.097738 -0.326726 0.043982
1403636582.038555 10.607527 -0.408610 -4.143310 -0.079587 -0.332311 0.064926
1403636582.043555 10.721937 -0.408610 -4.094276 -0.061436 -0.330914 0.082380
1403636582.048556 10.967104 -0.416783 -4.118793 -0.038397 -0.329518 0.099135
1403636582.053555 11.130548 -0.359577 -4.151482 -0.019548 -0.321839 0.106116
1403636582.058555 11.138720 -0.245166 -4.126965 -0.006283 -0.319046 0.107512
1403636582.063555 11.081514 -0.130755 -4.216859 0.006283 -0.312763 0.104022
1403636582.068556 11.065170 -0.065378 -4.331270 0.007679 -0.319744 0.087965
1403636582.073555 10.934415 0.040861 -4.396648 0.011868 -0.319744 0.076096
1403636582.078555 10.885382 -0.073550 -4.535575 0.005585 -0.320442 0.064926
1403636582.083556 10.885382 -0.196133 -4.649987 0.000698 -0.324631 0.053058
1403636582.088556 10.811831 -0.187961 -4.756225 0.001396 -0.329518 0.037001
1403636582.093555 10.803659 -0.277855 -4.780742 0.002094 -0.326726 0.028623
1403636582.098555 10.926243 -0.400438 -4.886981 0.006981 -0.327424 0.016755
1403636582.103556 11.024309 -0.441299 -4.952358 0.013963 -0.320442 0.011170
1403636582.108556 11.122375 -0.498505 -4.927842 0.022340 -0.314159 0.009076
1403636582.113555 11.277648 -0.596571 -5.009564 0.029322 -0.302989 0.015359
1403636582.118555 11.383886 -0.531194 -4.993219 0.038397 -0.301593 0.027227
1403636582.123556 11.416575 -0.547538 -4.952358 0.046775 -0.297404 0.047473
1403636582.128556 11.539158 -0.506677 -4.911497 0.060737 -0.284838 0.073304
1403636582.133555 11.669913 -0.384094 -4.854292 0.069813 -0.280649 0.104720
1403636582.138555 11.776153 -0.318716 -4.837947 0.072606 -0.274366 0.131947
1403636582.143556 11.808841 -0.269683 -4.870636 0.081681 -0.259007 0.141023
1403636582.148556 11.792497 -0.147100 -4.952358 0.087965 -0.243648 0.145910
1403636582.153555 11.759808 -0.016344 -4.927842 0.085172 -0.234572 0.141023
1403636582.158556 11.669913 0.057205 -4.944186 0.085172 -0.226893 0.123569
1403636582.163556 11.645397 0.049033 -4.952358 0.075398 -0.229685 0.101927
1403636582.168555 11.604536 0.057205 -4.952358 0.071908 -0.233176 0.081681
1403636582.173555 11.702602 0.008172 -4.952358 0.065624 -0.235270 0.062832
1403636582.178555 11.874219 -0.040861 -5.042253 0.062134 -0.237365 0.042586
1403636582.183556 12.021318 -0.057205 -5.066769 0.063530 -0.230383 0.038397
1403636582.188555 12.119385 -0.122583 -5.066769 0.060737 -0.219213 0.031416
1403636582.193555 12.152074 -0.155272 -4.993219 0.064228 -0.206647 0.038397
1403636582.198555 12.176590 -0.114411 -5.009564 0.069813 -0.191986 0.046775
1403636582.203556 12.143902 0.016344 -5.042253 0.066323 -0.185703 0.056549
1403636582.208555 12.103041 -0.016344 -4.968703 0.064228 -0.172439 0.064926
1403636582.213556 12.176590 -0.008172 -5.017736 0.055851 -0.166155 0.067021
1403636582.218555 12.168418 0.032689 -5.034081 0.049567 -0.160570 0.072606
1403636582.223556 12.184763 -0.073550 -5.001391 0.047473 -0.147306 0.078191
1403636582.228555 12.258312 -0.040861 -5.017736 0.041190 -0.140324 0.078191
1403636582.233556 12.307345 0.073550 -5.042253 0.037001 -0.129853 0.073304
1403636582.238555 12.315518 -0.008172 -5.050425 0.032812 -0.122871 0.068417
1403636582.243556 12.454446 -0.040861 -5.148491 0.027227 -0.112399 0.062832
1403636582.248555 12.454446 -0.065378 -5.189353 0.020246 -0.106814 0.057247
1403636582.253556 12.405413 -0.163444 -5.181180 0.024435 -0.094946 0.062134
1403636582.258555 12.462618 -0.204305 -5.222041 0.027925 -0.084474 0.063530
1403636582.263556 12.560684 -0.294199 -5.377313 0.037699 -0.076794 0.064228
1403636582.268555 12.495307 -0.326888 -5.434518 0.048171 -0.068417 0.070511
